function tetra_B = calculate_tetra_B(in1)
%CALCULATE_TETRA_B
%    TETRA_B = CALCULATE_TETRA_B(IN1)

%    This function was generated by the Symbolic Math Toolbox version 6.2.
%    22-Nov-2016 09:38:56

x1 = in1(1);
x2 = in1(2);
x3 = in1(3);
x4 = in1(4);
y1 = in1(5);
y2 = in1(6);
y3 = in1(7);
y4 = in1(8);
z1 = in1(9);
z2 = in1(10);
z3 = in1(11);
z4 = in1(12);
t2 = y3.*z4;
t3 = x1.*y2.*z3;
t4 = x2.*y3.*z1;
t5 = x3.*y1.*z2;
t6 = x1.*y4.*z2;
t7 = x2.*y1.*z4;
t8 = x4.*y2.*z1;
t9 = x1.*y3.*z4;
t10 = x3.*y4.*z1;
t11 = x4.*y1.*z3;
t12 = x2.*y4.*z3;
t13 = x3.*y2.*z4;
t14 = x4.*y3.*z2;
t19 = x1.*y3.*z2;
t20 = x2.*y1.*z3;
t21 = x3.*y2.*z1;
t22 = x1.*y2.*z4;
t23 = x2.*y4.*z1;
t24 = x4.*y1.*z2;
t25 = x1.*y4.*z3;
t26 = x3.*y1.*z4;
t27 = x4.*y3.*z1;
t28 = x2.*y3.*z4;
t29 = x3.*y4.*z2;
t30 = x4.*y2.*z3;
t15 = t3+t4+t5+t6+t7+t8+t9+t10+t11+t12+t13+t14-t19-t20-t21-t22-t23-t24-t25-t26-t27-t28-t29-t30;
t16 = 1.0./t15;
t17 = y4.*z1;
t18 = y4.*z2;
t31 = y1.*z2;
t32 = y1.*z3;
t33 = y2.*z3;
t34 = x3.*z4;
t35 = x4.*z1;
t36 = x4.*z2;
t37 = x1.*z2;
t38 = x1.*z3;
t39 = x2.*z3;
t40 = x3.*y4;
t41 = x4.*y1;
t42 = x4.*y2;
t43 = x1.*y2;
t44 = x1.*y3;
t45 = x2.*y3;
t46 = x2.*z4;
t47 = y2.*z4;
t48 = x3.*z1;
t49 = y3.*z1;
t53 = x2.*z1;
t58 = x1.*z4;
t50 = t35-t36+t37+t46-t53-t58;
t54 = y2.*z1;
t70 = y1.*z4;
t51 = t17-t18+t31+t47-t54-t70;
t52 = t16.*t51;
t55 = x2.*y4;
t59 = x4.*z3;
t63 = x3.*z2;
t56 = t34+t36+t39-t46-t59-t63;
t57 = x3.*y1;
t62 = x2.*y1;
t68 = x1.*y4;
t60 = t41-t42+t43+t55-t62-t68;
t61 = t16.*t60;
t69 = x4.*y3;
t72 = x3.*y2;
t64 = t40+t42+t45-t55-t69-t72;
t65 = t16.*t64;
t71 = y4.*z3;
t73 = y3.*z2;
t66 = t2+t18+t33-t47-t71-t73;
t67 = t16.*t66;
tetra_B = reshape([t16.*(t2+t18+t33-y3.*z2-y2.*z4-y4.*z3),0.0,0.0,-t16.*t56,0.0,t65,0.0,-t16.*(t34+t36+t39-x3.*z2-x2.*z4-x4.*z3),0.0,t67,t65,0.0,0.0,0.0,t16.*(t40+t42+t45-x3.*y2-x2.*y4-x4.*y3),0.0,-t16.*t56,t67,-t16.*(t2+t17+t32-y3.*z1-y1.*z4-y4.*z3),0.0,0.0,t16.*(t34+t35+t38-t48-x1.*z4-x4.*z3),0.0,-t16.*(t40+t41+t44-t57-t68-t69),0.0,t16.*(t34+t35+t38-x3.*z1-x1.*z4-x4.*z3),0.0,-t16.*(t2+t17+t32-t49-y1.*z4-y4.*z3),-t16.*(t40+t41+t44-t57-x1.*y4-x4.*y3),0.0,0.0,0.0,-t16.*(t40+t41+t44-x3.*y1-x1.*y4-x4.*y3),0.0,t16.*(t34+t35+t38-t48-t58-t59),-t16.*(t2+t17+t32-t49-t70-t71),t52,0.0,0.0,-t16.*t50,0.0,t61,0.0,-t16.*t50,0.0,t52,t61,0.0,0.0,0.0,t61,0.0,-t16.*t50,t52,-t16.*(t31-t32+t33+t49-y2.*z1-y3.*z2),0.0,0.0,t16.*(t37-t38+t39+t48-t53-x3.*z2),0.0,-t16.*(t43-t44+t45+t57-t62-t72),0.0,t16.*(t37-t38+t39+t48-x2.*z1-x3.*z2),0.0,-t16.*(t31-t32+t33+t49-t54-y3.*z2),-t16.*(t43-t44+t45+t57-t62-x3.*y2),0.0,0.0,0.0,-t16.*(t43-t44+t45+t57-x2.*y1-x3.*y2),0.0,t16.*(t37-t38+t39+t48-t53-t63),-t16.*(t31-t32+t33+t49-t54-t73)],[6, 12]);
